Lambda (nm)	qext	qsca	qabs
0.15	3.019572122803306	2.6454025322424606	0.3741695905608453
0.155	3.1700933500937185	2.7390253212088207	0.4310680288848978
0.16	3.4088370497121523	2.8641028826400596	0.5447341670720927
0.165	3.5591563862437527	2.999633091765284	0.5595232944784687
0.17	3.749558831416411	3.1797915013248903	0.5697673300915209
0.175	4.068374572400292	3.3608908192847804	0.7074837531155116
0.18	4.108482562879856	3.4640614308865945	0.6444211319932616
0.185	3.9966315357702475	3.4851872670470403	0.5114442687232073
0.19	4.135696097183446	3.6577688832482025	0.47792721393524396
0.195	4.353955966438442	3.833812312273421	0.5201436541650213
0.2	4.491689377661145	3.949153158964866	0.542536218696279
0.205	4.40199769312747	3.891310516750894	0.5106871763765759
0.21	4.19601738656742	3.754605213087027	0.4414121734803933
0.215	4.0528318284249	3.6784888250857666	0.37434300333913306
0.22	4.028649238545487	3.69764012416827	0.3310091143772169
0.225	4.07443946010812	3.7576978367869636	0.31674162332115685
0.23	4.146239522722547	3.8295608517609927	0.3166786709615539
0.235	4.206751200781032	3.884080685402948	0.3226705153780842
0.24	4.23186597538498	3.9053905373833775	0.3264754380016024
0.245	4.195436791793998	3.8650814577344175	0.33035533405958084
0.25	4.116139654835306	3.79777242891577	0.31836722591953626
0.255	3.995820769389036	3.6844550518902066	0.3113657174988296
0.26	3.8698057221056055	3.57997651710337	0.2898292050022353
0.265	3.7538587780300183	3.4724987806726157	0.2813599973574026
0.27	3.6699593548252465	3.40700869069775	0.26295066412749657
0.275	3.61085123830518	3.3585106826495794	0.25234055565560043
0.28	3.580830606739764	3.337678463152511	0.243152143587253
0.285	3.5736474686866493	3.3351198185739968	0.23852765011265253
0.29	3.579824540081091	3.3494070542298404	0.23041748585125044
0.295	3.5944263142134107	3.364306466885432	0.23011984732797863
0.3	3.6145308054104395	3.383858647900775	0.23067215750966463
0.305	3.636846329907737	3.4068887011030293	0.2299576288047076
0.31	3.6547791687291284	3.4214736112005033	0.23330555752862514
0.315	3.6702628768920684	3.4355671199531344	0.23469575693893407
0.32	3.6739670349726143	3.4314538311425955	0.24251320383001884
0.325	3.6706859322588503	3.4264474590525777	0.24423847320627257
0.33	3.656225004300994	3.4108837241079035	0.24534128019309032
0.335	3.6317524263302428	3.38571207777978	0.24604034855046297
0.34	3.597863595350845	3.351354747695883	0.24650884765496173
0.345	3.5552122756406144	3.3095351355194014	0.245677140121213
0.35	3.506008899612817	3.2614565214285163	0.24455237818430087
0.355	3.451855839641887	3.2092680063734442	0.24258783326844258
0.36	3.3946739592160675	3.1547398592839238	0.23993409993214376
0.365	3.3370414726185493	3.1001256053212827	0.23691586729726666
0.37	3.2791188984667117	3.0456492455924247	0.233469652874287
0.375	3.224024925946468	2.994023849571514	0.23000107637495404
0.38	3.1726434516258752	2.9464942485560486	0.22614920306982667
0.385	3.1262352273842393	2.903460006573359	0.2227752208108802
0.39	3.084777882110056	2.8657667341766557	0.21901114793340026
0.395	3.049034594848527	2.8331416628533086	0.21589293199521853
0.4	3.0184398135852737	2.8056396545174462	0.21280015906782745
0.405	2.9939284008223637	2.7838762355550943	0.21005216526726933
0.41	2.974554982572452	2.766714618931331	0.20784036364112124
0.415	2.9603940844593892	2.7544027490604712	0.205991335398918
0.42	2.950476019064914	2.746428456249428	0.2040475628154863
0.425	2.944844533616697	2.7419177287759045	0.2029268048407924
0.43	2.9430934201572128	2.7412072010413615	0.20188621911585125
0.435	2.9449453392372757	2.743609057838695	0.20133628139858084
0.44	2.949554772237534	2.7488183226270837	0.20073644961045023
0.445	2.956862821653809	2.755901823257734	0.20096099839607495
0.45	2.966433425750728	2.7652774275340275	0.20115599821670038
0.455	2.9777639197845547	2.7763135051370242	0.20145041464753044
0.46	2.9904831189714707	2.788050788506533	0.20243233046493758
0.465	3.0043118223607643	2.800917599711089	0.20339422264967544
0.47	3.019197611384279	2.8151025851995914	0.20409502618468744
0.475	3.034685985642067	2.8286509342692425	0.20603505137282463
0.48	3.0503901572014773	2.8430675662612894	0.2073225909401879
0.485	3.0663846296902637	2.8570199202458273	0.20936470944443641
0.49	3.082186097672485	2.8710313054940206	0.21115479217846422
0.495	3.097739081501698	2.884651843296228	0.21308723820547026
0.5	3.112502764281716	2.897313196793978	0.21518956748773777
0.505	3.1265869829616295	2.9093541528565607	0.21723283010506877
0.51	3.1399528442058653	2.920343839843459	0.21960900436240616
0.515	3.1522484352812263	2.929842468827276	0.2224059664539504
0.52	3.1632302055499126	2.938471226106552	0.22475897944336065
0.525	3.173315241676634	2.946060819434011	0.22725442224262293
0.53	3.181679085754274	2.9518173359172644	0.22986174983700947
0.535	3.188827804770211	2.9562570505795205	0.23257075419069073
0.54	3.1942516206015594	2.95908887077575	0.23516274982580931
0.545	3.1980043333054105	2.9600355616208587	0.23796877168455177
0.55	3.199948266215157	2.9595223579826557	0.24042590823250132
0.555	3.1999644334250448	2.956708734516082	0.2432556989089627
0.56	3.1981533578909147	2.9516443295050085	0.24650902838590616
0.565	3.1948408065675915	2.9454188700937736	0.24942193647381794
0.57	3.1895684055811424	2.9375706999661606	0.2519977056149818
0.575	3.182098843068216	2.9273806736715313	0.2547181693966847
0.58	3.172670466461155	2.915231697482707	0.2574387689784481
0.585	3.1616811351499843	2.9017988804226365	0.25988225472734783
0.59	3.1485070506142434	2.886235843587788	0.26227120702645523
0.595	3.133793339741166	2.8686615858626103	0.2651317538785558
0.6	3.1168253032445623	2.8495796171577368	0.26724568608682553
0.605	3.0986422667552103	2.828535977310039	0.2701062894451711
0.61	3.078479166501832	2.806159661053301	0.272319505448531
0.615	3.0564545631554205	2.781754804112756	0.2746997590426643
0.62	3.0329022930023255	2.7554719389090803	0.27743035409324523
0.625	3.007979867211069	2.7282684928364924	0.2797113743745765
0.63	2.9814788634697154	2.699889417876382	0.2815894455933332
0.635	2.953722317030538	2.6691665123660147	0.2845558046645231
0.64	2.924361115159564	2.63817709537119	0.28618401978837404
0.645	2.8939324474917374	2.6054743783938705	0.28845806909786686
0.65	2.8627107844655626	2.572062321940283	0.2906484625252794
0.655	2.8302559705140213	2.5374888668781903	0.292767103635831
0.66	2.7971081458335316	2.502237525104509	0.2948706207290228
0.665	2.762811333810567	2.4660894284700707	0.29672190534049614
0.67	2.727877062798487	2.4290415060791406	0.2988355567193466
0.675	2.6929602491366267	2.3919855352407624	0.3009747138958643
0.68	2.6563716949741645	2.354055561491513	0.3023161334826514
0.685	2.619819114048479	2.3158140751448824	0.3040050389035964
0.69	2.5831409008761845	2.2767407142057503	0.3064001866704342
0.695	2.5461460607261497	2.237740329668296	0.30840573105785385
0.7	2.508789447605865	2.1988685094628018	0.3099209381430632
0.705	2.4713612426606386	2.159371465201596	0.31198977745904255
0.71	2.4340895421582	2.120192868885422	0.3138966732727777
0.715	2.3967244532295755	2.0806996935432664	0.31602475968630905
0.72	2.3593040556821	2.0414537041971275	0.31785035148497265
0.725	2.322083727989293	2.0022756375695896	0.3198080904197034
0.73	2.285514505944571	1.9632242923567529	0.3222902135878183
0.735	2.2491516496026076	1.9244559576935882	0.32469569190901937
0.74	2.213282839061175	1.8857839218745183	0.3274989171866569
0.745	2.1777732419511815	1.84751392949133	0.3302593124598514
0.75	2.142873156081408	1.8100878978045924	0.3327852582768156
0.755	2.109126127027332	1.7728024786888221	0.3363236483385099
0.76	2.075622882599693	1.735760208660902	0.3398626739387909
0.765	2.0432934277924573	1.6997691556428203	0.343524272149637
0.77	2.01098832126294	1.6642319209432122	0.3467564003197279
0.775	1.9800762338909486	1.6294128976583817	0.35066333623256685
0.78	1.94989953322247	1.5955059521742345	0.3543935810482355
0.785	1.9210957460695146	1.562133599147918	0.35896214692159667
0.79	1.892701971782056	1.5296361993410639	0.36306577244099203
0.795	1.8653405196530046	1.4980471753166982	0.36729334433630645
0.8	1.8378425815778676	1.4677349892433018	0.3701075923345658
0.805	1.8121250419628419	1.437989619027828	0.3741354229350138
0.81	1.7861053451145634	1.4097083780948747	0.3763969670196887
0.815	1.7604129289845447	1.3821610931360448	0.37825183584849986
0.82	1.7349313009982865	1.3556623191970936	0.37926898180119295
0.825	1.7097732890886557	1.329987633708895	0.3797856553797607
0.83	1.68341079638992	1.3053291018258006	0.37808169456411944
0.835	1.656620013790854	1.2815124091036658	0.3751076046871882
0.84	1.628700298056335	1.2582368254289173	0.37046347262741763
0.845	1.6000569345793731	1.2353384279873136	0.3647185065920595
0.85	1.5704694966493196	1.213102280079326	0.3573672165699935
0.855	1.5400907444263445	1.1912123822549432	0.34887836217140133
0.86	1.5083060509782167	1.169101097203534	0.3392049537746826
0.865	1.4763623442224678	1.1475958148632237	0.3287665293592441
0.87	1.4436475339800228	1.1258187645109505	0.31782876946907224
0.875	1.4106179340444216	1.1041682289086518	0.30644970513576975
0.88	1.3770708336194255	1.0827143383603486	0.2943564952590769
0.885	1.3439950794191182	1.0609969083194528	0.2829981710996654
0.89	1.3108423463309538	1.0394239174057305	0.2714184289252233
0.895	1.2774446368893266	1.018134885296755	0.2593097515925715
0.9	1.2450583006298293	0.9967783433621575	0.2482799572676717
0.905	1.213188608510963	0.9755676621439806	0.2376209463669825
0.91	1.1815425737965033	0.9546221213316617	0.2269204524648416
0.915	1.1507920134084657	0.93382542538825	0.21696658802021573
0.92	1.121658196846349	0.9133160659926458	0.20834213085370323
0.925	1.0924743456720805	0.893163613638472	0.1993107320336085
0.93	1.064349206588827	0.8733040687211013	0.1910451378677256
0.935	1.0373653560296419	0.8539117260870035	0.18345362994263836
0.94	1.0107590204888286	0.8348509234823147	0.17590809700651389
0.945	0.9846128024243685	0.8161364974503967	0.1684763049739718
0.95	0.9599190558753097	0.7978139155445971	0.16210514033071255
0.955	0.936044946589837	0.779896188323137	0.15614875826669994
0.96	0.9126749810501272	0.7622944754527292	0.15038050559739802
0.965	0.8899206609387272	0.7451776755788279	0.14474298535989938
0.97	0.8679560962025522	0.7284764372090705	0.1394796589934817
0.975	0.8468264574822286	0.7121421974068317	0.1346842600753969
0.98	0.8262420399965773	0.6962923386318032	0.12994970136477413
0.985	0.8064504082682018	0.6807395425992708	0.12571086566893097
0.99	0.787150134949953	0.665534157274774	0.12161597767517895
0.995	0.7686185266906977	0.6507639255496602	0.11785460114103752
1.0	0.7506549497967986	0.6364660218443497	0.11418892795244884
1.005	0.7330836570210638	0.622399524311037	0.11068413271002686
1.01	0.716109046788207	0.6087342499906715	0.10737479679753548
1.015	0.6997975100607867	0.5954064127361068	0.10439109732467988
1.02	0.6840476578690302	0.5823490037502719	0.10169865411875834
1.025	0.6687396650290303	0.5696222754407504	0.09911738958827987
1.03	0.6536407547849343	0.5573105265404503	0.096330228244484
1.035	0.6391498852951398	0.5453879071132042	0.09376197818193566
1.04	0.6251346138072572	0.5336685467505569	0.09146606705670035
1.045	0.6116563058697649	0.522232813623194	0.08942349224657098
1.05	0.5985388610540099	0.5112548712448775	0.08728398980913243
1.055	0.5853246755962066	0.5003457594469772	0.08497891614922937
1.06	0.5730025023719054	0.48980270987546004	0.08319979249644538
1.065	0.5606943722079061	0.4794897029407599	0.0812046692671462
1.07	0.5491414457250396	0.46948419281022463	0.07965725291481501
1.075	0.5379195276706054	0.4597247397302916	0.07819478794031376
1.08	0.526755093836192	0.4502179226165643	0.07653717121962772
1.085	0.5159237631217224	0.4409899438001948	0.0749338193215276
1.09	0.5055001133493522	0.43192956571186925	0.07357054763748294
1.095	0.4952468830593955	0.4231068175855076	0.0721400654738879
1.1	0.48528656914324164	0.41450406424614317	0.07078250489709847
1.105	0.47565092627313454	0.40612847480485653	0.06952245146827801
1.11	0.4663176276457642	0.3980229303800463	0.06829469726571785
1.115	0.4571353075778079	0.3900512815311127	0.06708402604669522
1.12	0.4483205759122125	0.3822767508148292	0.06604382509738332
1.125	0.43960844678220146	0.3746761333419855	0.06493231344021594
1.13	0.4312581045957036	0.3672993945156289	0.0639587100800747
1.135	0.423084056728467	0.3600734044654301	0.06301065226303687
1.14	0.41499503919535463	0.3530543412993786	0.061940697895976005
1.145	0.4072727029057063	0.34619158608038314	0.061081116825323134
1.15	0.39968120164982956	0.33947215563304384	0.06020904601678573
1.155	0.3921484780790331	0.33293321435070156	0.059215263728331524
1.16	0.3852282551095399	0.3265580066613322	0.058670248448207674
1.165	0.3780567113683223	0.32031862338700445	0.057738087981317854
1.17	0.3711906391244956	0.31424423884770725	0.05694640027678838
1.175	0.36470237180882215	0.3083091969214897	0.05639317488733242
1.18	0.3582484098292882	0.30251029598910617	0.05573811384018201
1.185	0.35169408401038266	0.2968247023544624	0.05486938165592026
1.19	0.34552707398933274	0.29128472709554265	0.054242346893790094
1.195	0.3393904569890888	0.2858805970997458	0.05350985988934304
1.2	0.3336138391678591	0.2806141442642765	0.052999694903582584
1.205	0.3277882295992904	0.2754561770940726	0.052332052505217774
1.21	0.3221382361769011	0.2704238945769116	0.0517143415999895
1.215	0.31663273372291834	0.26549987695450794	0.051132856768410395
1.22	0.3112981921831121	0.260685400128596	0.05061279205451613
1.225	0.30618720502759644	0.25598029181557846	0.05020691321201798
1.23	0.30111064223868206	0.25138280794679785	0.04972783429188421
1.235	0.2959874315172567	0.24687789148566464	0.04910954003159207
1.24	0.29116281337520733	0.24249340738017497	0.04866940599503236
1.245	0.28636456612367583	0.23818939970380934	0.048175166419866494
1.25	0.2817498943311063	0.23399906282519756	0.04775083150590875
1.255	0.27711273768510564	0.22989310604256297	0.04721963164254267
1.26	0.27274587747893686	0.22587554105141927	0.04687033642751759
1.265	0.2683296178115519	0.2219596415616456	0.0463699762499063
1.27	0.26410715775971405	0.2181146934119849	0.04599246434772916
1.275	0.2598883034717082	0.21432972505270642	0.045558578419001794
1.28	0.2558683877710181	0.2106566883151233	0.045211699455894816
1.285	0.25189983862105336	0.20706915202437584	0.04483068659667752
1.29	0.24800577096658075	0.20353551745124884	0.0444702535153319
1.295	0.24416084777824631	0.20008651182518047	0.04407433595306584
1.3	0.24047620773043918	0.1967080175020287	0.04376819022841047
1.305	0.23680043086870295	0.19339775395587155	0.043402676912831395
1.31	0.2332263607866478	0.19016889433227005	0.043057466454377746
1.315	0.22972665948451937	0.18701089441847432	0.04271576506604505
1.32	0.2263803027885551	0.18390154830247235	0.04247875448608274
1.325	0.22302100756546145	0.18086794496027092	0.04215306260519053
1.33	0.21963558587934842	0.17789821387468654	0.04173737200466188
1.335	0.21638981986822511	0.17498804707451165	0.04140177279371346
1.34	0.21347726755308544	0.1721293692431389	0.041347898309946535
1.345	0.21042472163228557	0.16933574800860254	0.04108897362368302
1.35	0.2073565603257698	0.1665959927427179	0.04076056758305188
1.355	0.20433091939928558	0.1639156807799018	0.040415238619383786
1.43	0.16646538130099667	0.12953060496073987	0.0369347763402568
1.435	0.16436010751730368	0.1275769758556921	0.03678313166161157
1.44	0.1622798859948514	0.12565968470457914	0.03662020129027227
1.445	0.16016870698919572	0.12378193941335042	0.0363867675758453
1.45	0.158117441258172	0.12193134271622812	0.03618609854194389
1.455	0.15608538212622491	0.12012537673028885	0.035960005395936065
1.46	0.15411078542514936	0.11834892961680922	0.03576185580834014
1.465	0.1522040918453257	0.11660586942856992	0.035598222416755795
1.47	0.15046289457995835	0.11489500176023758	0.03556789281972077
1.475	0.14837353579012288	0.11321770169503553	0.03515583409508735
1.48	0.1467727603283793	0.11156934903561722	0.03520341129276208
1.485	0.14479550576777983	0.10994906773638372	0.034846438031396115
1.49	0.14317896330950883	0.1083601488634415	0.034818814446067325
1.495	0.14136971197330045	0.10679961188564738	0.03457010008765307
1.5	0.13975486583211844	0.10526825669817327	0.03448660913394516
1.505	0.13805551384146084	0.10376353333552006	0.034291980505940775
1.51	0.13644917505305468	0.10228603084600167	0.034163144207053006
1.515	0.13484826237418474	0.10083241702349602	0.03401584535068872
1.52	0.13339621878727106	0.0994081392386199	0.03398807954865117
1.525	0.13176289092020096	0.0980088981276261	0.03375399279257486
1.53	0.1303386859649308	0.09663460729125527	0.033704078673675544
1.535	0.12888914305836768	0.09528431191250586	0.033604831145861824
1.54	0.12739962828280826	0.09395665191812352	0.03344297636468474
1.545	0.1259376220054688	0.09265433819285845	0.03328328381261034
1.55	0.12451661445811336	0.09137434509052894	0.03314226936758442
1.555	0.12312241179017507	0.090114282628609	0.03300812916156606
1.56	0.12180060937143772	0.08887803580658914	0.03292257356484858
1.565	0.12048495315868413	0.08766356491465405	0.03282138824403008
1.57	0.11913119528464064	0.08646637321365112	0.032664822070989516
1.575	0.11771743519403192	0.08529390285742117	0.03242353233661076
1.58	0.11655377760058358	0.08413976222178975	0.032414015378793834
1.585	0.11524482305359676	0.08300446739636941	0.032240355657227354
1.59	0.11408741231175823	0.08188885563499765	0.03219855667676058
1.595	0.11268356305103777	0.08079314079482522	0.03189042225621255
1.6	0.11144122910213562	0.07971618046711879	0.031725048635016836
1.605	0.11018442405996315	0.07865699144237225	0.0315274326175909
1.61	0.10927518618513865	0.07761319665261217	0.03166198953252648
1.615	0.10806471890397229	0.0765882665082718	0.03147645239570049
1.62	0.10698959860513954	0.07557811303803673	0.03141148556710281
1.625	0.10589849240994922	0.07458959809760055	0.03130889431234868
1.63	0.10482530298978832	0.07361485825033838	0.031210444739449936
1.635	0.10364947975647376	0.0726559190093153	0.030993560747158463
1.64	0.10265688415079716	0.07171306985190343	0.03094381429889373
1.645	0.10159693496177356	0.07078707385020751	0.030809861111566056
1.65	0.10064047441380734	0.06987326562686438	0.03076720878694296
1.655	0.09970235494221669	0.06897599792898135	0.03072635701323534
1.66	0.09850130022317127	0.06809259846134194	0.030408701761829332
1.665	0.09743053131796904	0.06722296474212461	0.030207566575844433
1.67	0.09604697987147162	0.06636890489726707	0.02967807497420455
1.675	0.09418753015698411	0.06552745615093228	0.028660074006051833
1.68	0.09319464296023934	0.06469997141524286	0.028494671544996478
1.685	0.09259517074333438	0.06388219982398176	0.028712970919352626
1.69	0.09280306803346457	0.063080022479412	0.02972304555405257
1.695	0.09262578750948909	0.06229027769739182	0.030335509812097268
1.7	0.0922502217765468	0.0615140993606648	0.030736122415882007
